4992640029655040
5859080619220994
9037916445556738
4683283309838341
3936481708941320
10653683575283724
3484985178759181
17591515339497485
910260459544594
10119912219459608
3391826174525466
14242458490069019
8520891560951836
1040906481516572
2261620935442464
14413636412137504
13719080347992099
11843233981284394
666400861028399
13905675494907951
89217825112117
8981126744596535
1470093577691192
5862130321367097
3533801781903427
4120780341174339
13847871900827717
18236376718794821
14590944648831049
5510921714606156
14726225991622733
6824052985741391
10296944372187219
15003821950091347
4588882368847958
13350268283052118
14112659460522070
5510527001436249
17117314534563929
780927423520861
10677873683611742
16978530128863329
3589031359889510
16043414999851110
17172343443398760
8699726303780972
14348491117494382
5568630790840431
15509839874547822
12410315733057652
3459151149293686
15117500340248698
3397773105741955
10189743536816262
14175963185004681
13439554753224846
16537857921745041
15710410832265366
8020956307243159
1561211337072795
6450230006775964
5809570678718622
11475486204584098
12554361067921570
14903565702332582
13291867352465577
11930043205509291
13978740821270702
8044184034230448
2664362379264181
11457002419675319
14046416457203895
10395375322161337
7359845544648893
8417413703262398
8588972619104446
8671955716333758
4594386927288514
8424605680853187
12468912631152837
17536809392095435
6552739233923280
10178055912833233
5089565009928402
3189533497565395
10645768133968082
12005358218526932
12697025591795927
1228794839154904
6763584774734042
13935501856432347
1452769867915484
5677957517164764
12212448080257244
832839452246241
785648654295272
635136383123691
13218896533610734
1223472291905776
13858449705156852
2144861695090934
7514710390989046
10818667073233143
11813566379540730
9814414544126204
2119151366529277
606392454750462
10936673320632586
7416859535778063
5962730765967637
4311554702672154
12517273902522650
1328257188593957
21150285087017
4523320794685740
10129880666489134
12567485585785134
8606861947601201
12671746099175733
17326506205233463
13877241344835900
14525713349067070
16765785764036931
2987482276307270
7867289030074694
5749043940032841
7470985706406218
3713786577838412
16792559492579660
11557562234773838
3485528599363927
6416467504922967
10824717800776025
16957832607736153
12459574070665563
12519846324003163
10712567661568349
7803850822918494
4586823680090463
5950527330869599
6459771538178399
11825508521820510
18236593272013160
1085464144855401
17956094944903534
8268762812580208
15903160104018291
2239183959286133
15598574534943094
13226945647067511
12875853378691449
320413748797826
6258939950604677
18323996247654796
2513155861381520
9132746182173073
12519650248688018
11273116472304019
13500828121760144
13743705354150290
7215055957377431
2564237403603359
7660643565502879
4214333815701925
7922006282224037
6980401474429351
16804365967434152
6859671838925226
4858254758601133
2177821880959407
379935127364017
17197279634981297
11977213913432501
4908725345386937
10072929314832829
15483843518128579
8065217190085064
15129513999294922
7685169946280396
8668139155800524
11126519544480207
6304638001390035
11168217382060501
7990486425821660
9912605219963361
12750151441506786
13112643976913379
13211538013168100
6382701539852778
11662825555427823
4657428946461168
8009831577100785
8315031461396977
12225778034303474
14522266854228466
14572833808900593
12633081660105206
15139565589406199
14063172332880375
11849591440720375
15628525437067767
11916598983279099
16405927559094781
2409391466709503
11873014453051905
3637533446136323
9367087478145545
86205975593482
382644013236755
7407170124071446
3058265525461530
311935564800556
3230869729714732
9555252949238318
11127720712725036
15920795471266349
12558758796886585
13427960760599104
1448281385951810
7727464238473795
16710035083600455
13779316352778829
116925212033615
5539170023359057
17842927206089298
11577009456718419
1525557707760212
3848836181647957
2164808574747226
6606461111108186
7746018193678938
12851608122196574
13292979613704799
8384970864149092
9569398313763428
13933370352509543
1308106938819177
11226536844190314
8940081059791467
14103999286559342
4120589373940346
10375538051310202
2897095043949180
11273719431119482
16451042602443387
13487550983324287
17827542365332095
2397689414378114
2679207567196806
9981498924778119
11452519181771401
13456344221442698
13629278952366731
2766065063510668
8993411905553036
2353730651177615
2019585422459536
3512032577594001
3540777767502482
11835669161624207
14616267224269459
5339577517900437
5417276690014869
17199496156242576
9278561158202009
11256781611303577
16147551044395677
126141660684959
9411374041268899
3504564547469991
4273289964511912
10640625664885418
15979262479958699
12989143835804332
1753771755791029
2041358419321528
15429963171971768
3496369553818299
3212616315093692
11563714740413117
8262922047390398
16548748325356227
12177073432838854
6358535365272265
8278752712221393
13895119654183635
7298738867790550
1550977950057176
13761457071497945
5294766748025565
7088170934731489
9823347015131873
11494228290011884
11575391672533741
13498261338014444
15400891288822510
3672224951714544
16440641369522932
5842392311423734
6372281539175158
3812086123586299
11432308311974653
13821925371863806
5810464076514051
11764652985631492
18148730225304326
3022689456030471
545034796114697
3334521995297550
11728326434562832
18088287776252689
8432821866570514
13004957685990166
2437385865757479
16633920837247783
12956491259364137
17685369589130032
2004039151534897
1751698265555764
15910167494697785
12254592338486074
12418065649320763
17833510064030522
14178898872918846
12628182415967039
10208055201727296
16804367921562432
16984529760314180
1193194748379973
8833428846519109
3455541699650375
11719478427771720
15297270536569670
753153853702987
4918060478186315
6652001087071052
9675498948019021
12622835889226574
816503841678163
10611696279126870
6365639325819735
13627627921097562
7405781378130782
1147610223223647
15660573915415394
1315453574816614
6134002501714791
68792473092968
284796527510384
10777370348233586
14209806933058419
8016739934946164
16714563243058039
13803493250196344
1590631988888441
7522030212350844
16389010337735553
10840352570672003
10049820958720900
3168575450833798
11359464166171527
18142357739987847
13792340847739788
15069995384578957
11302905014854543
8656156206547857
8794616942453649
15469507481052050
3721431724647317
1719461470643099
7556093500883867
6141663376171933
14398478572585886
10763547238392735
2441464999887780
2417982387782565
4953149820658604
11792846606451629
12468128527131564
13954399864660921
17214609819001789
4610472403542975
135411200181186
12956544881779654
14554626896274375
4616453495653326
9638189560677326
1827235886236624
9443291003519952
14865897645458382
6940868016210900
4794640989479893
10357223492617174
5387187980387287
5939311640732632
12756646111347673
11981515332756444
12046295049462748
12121545738478557
17685636516807646
191598411457504
16788491322229731
12777875276407790
7291819492885487
1140012540019696
12118184272528375
4670831696962552
8123509697168382
5221164721529855
9926162170315774
17129526823707647
1172164637492226
4871056328320003
4430331254932484
11205951117550596
14197323484873733
3424706376942600
4458521668379657
15627281560798220
10110117745714193
4765676198175763
2314307504759831
6364092936832023
9843652786512919
10955772644844568
13349779310666781
17730739396822047
12970428471862305
10568827843167267
6035460513596455
9812979217155111
11204085695136807
1002190466327595
4781661328942132
8316110361879604
8763922766160948
7146858824778809
13025180745032762
17551373616191
7132268710888512
12485617824670786
5542898849719363
17424062620206148
9078229346763847
2471969595081801
5826009492259914
9132365090202699
9014271563277388
16763246043923534
11146400183157847
11361599156872280
2119430287017055
1156936765056096
2407186399323232
7094419813844070
12260433973265512
652324546143338
6752954868679789
14981593488753780
7062224376218745
4449343608685694
12998053433238654
15691238812329088
10718048375948421
10680064292488328
15816172615107720
6508832892249227
13518218908394640
175896512464017
13986433892689041
4512763559527572
3747058568012949
7270256983434393
15274302727128220
15829387828348061
6907437044057248
1693082404291748
2054121759032486
2331036032591016
8550510119265448
4728552000332971
16585190696805548
7059993799656636
4205469570327741
11892792306697404
12087096822129853
8659657583609024
13532857090720961
7262014036550850
11281020535096518
77910711329991
13067972588651719
13508953059083467
13679969695720652
13981551555306701
13595489155433685
962585394603222
4970771199730912
2657628209997025
13064498759427299
8179864612635877
2607549250757871
8583313711604976
15290656498656497
5962016065201394
14535962232505587
324230192022775
17713625560556795
3354456329798908
17841460927620350
6747852412978431
15341139490645249
6997393881425157
2249465920644360
13344542900061448
7747901425624332
8126137211667732
15472267869971738
12664409391293723
608678462596380
2144295051339044
3780659210183975
15789609594987815
7380061455852844
18382768107062575
11874941833135409
12624198887449905
1953999342060852
6023117795517750
10058032896992567
10415509850555705
7387311707809084
10365533117072700
2546086870418754
15184723678496073
5038763940545872
15668924474393939
2562883673752919
17255231883789656
2517505051346271
17091910328485215
18066964201842016
1051896060691813
7468684804760934
16453579703453029
14310889346950514
2750408660657524
11094719529518453
12186351110055287
13434459457938808
4754015864153475
7298749349184906
2796934217008523
13554159217698190
4150969856927121
3433564635899284
12950254840014230
10298608164955543
17919218269070747
5040227486664094
9331983949497759
2227481306654124
10503678477018541
9463820403320239
1615805749241267
14254573607101876
8445002148701621
14580296483554740
17398667300513213
18038517203002813
1684541581264319
17411142633489855
2109338263586241
17054635859076548
9529122455750086
6895490497021383
5118222967801288
11434844401018314
10790826749281739
1876207015413196
14830735198397903
15190940106204623
13468230860457425
12829680237053398
5978101212931544
6695301922022877
16947256764007907
13367931114685926
13415265250911722
907310714922475
17293478408799724
6442476629616109
7253633366222317
2241011611182580
8372994542765557
11033702434416116
15129260036965879
17308220083889652
18443750472402428
11092902783092222
9693106105787913
7866375711778317
4189633671095822
5604425601271311
8259532203304462
15603259041908243
6707424487466522
14799226610148893
16640036046030371
1138218115835429
1277145842427434
17754160814417453
2871178830644782
6533315474228785
17319868788352561
876228623607351
2696906355795514
12950285665633850
12034543742461505
8852576203826756
5212727640540744
4803330485364300
2475314713904717
3182112634136143
8079967605040719
16603881339291218
3118812205090388
333578810836565
11504025119032918
16767631814067796
11681694252852824
398701726680669
9223118495385181
1056399742412383
12954150780880480
4904957393430113
18180384600122975
1917462362719845
5170477133153893
5225705399453287
10971207934748265
18279097066587756
7716612187915885
6009858873992816
10199986062206584
5279339470612089
4175742948443770
5535262954522235
6880273180763769
14120354739668603
12231618140317311
16675689124710015
7084825750111874
167043047663236
3914532204471942
10942593601480328
5709386733987468
5019550983284367
204848266864272
3132925813753493
2868657437681302
11298095731230358
13322875038525079
12310627186771609
15431833242429085
14451012912834208
13845597298714273
9992019524691618
4453281584948902
15893433516918440
4494109223323307
11227159474857649
1209073613719220
4933073889617594
3816796472084155
5509066692568764
11531251044812477
8654212608976574
3807404653684416
16522171467843265
7695029361133250
13280444890752706
11119904524904135
13118386047551178
8485547671291596
4728324470884046
17982397267175119
16234974900520657
5701235894830803
5365372356470488
13209893627143899
7932222804051682
17974973297428195
13665758825146087
9202252780635886
9654303140824815
16015771139802863
16406522135152371
6061204575086325
6758977532749560
10966934540568318
14205258808526590
12957808876889857
12503721266030345
5327896939939600
13848899694323473
7245559411074837
1858217593308953
14842425003255586
12802512672753443
3791666338809637
8162162674861865
9635095171376939
12179867320600367
1831883332937520
12587621073045299
16067025599342390
14913550864238395
14064760068933436
861506284070722
8891253442758468
9204064322864965
15065926992676680
11725058494097226
6042509842663245
12848397389801294
14554077905995597
13096025236907860
12219186155136861
5376315427923806
15002455697573727
16948483371149158
481883942840175
15642290415929200
7970309105624946
822834791155571
1250420615792499
15781451306149749
8719382970615673
6771221685192572
10228384244795262
12987688873330559
4027091273770886
3217544566048649
4783788878858123
2780876524840844
17882049418815373
17162357942880142
9633546922018709
3517811915720599
7394559187953561
2976245038557084
7984135389022111
4661444297934752
148554695608225
5342238240909217
4166793510987683
13719540899538852
5606715795629990
12657584972900270
13843976544028592
3942606670972849
11348450566866868
5888716618704822
17229466306619327
7352562116380613
12193560882350021
11433539129608135
2366122170656712
16311485498574793
3691655301359562
3555009350805453
18383467252631503
742449454393303
15850164421142489
15083023492564956
2428235422771172
8151325185288164
1801275206256617
4726650901227502
11730715641260014
4141210681509872
9606927325726704
3309153399130101
6572476717303798
13047971577137143
12262586632579064
3213988571539449
9893206855526396
3970807947683838
13514157630187532
15564779853178892
8405880525875218
16623208035166229
17487624370464790
16561086079502374
1027100588271656
13394871981959213
4181281779263537
6057434412714033
15804838612535346
259088076671028
8462131047278645
17115438284146740
16724726437562423
16255970516576319
3074702185506880
40135001466946
2172287414552644
9449882046523465
15314017624434762
4553790569252939
17668791121266762
3427966188243021
7039665049380947
4573413309990996
1691442091018326
14825169165387866
9417780539238492
14047406814201949
7661250562885728
16914754875541602
8131469250562152
10451137837262954
11955326330865775
14572340502866033
4642336363096181
5788626177394805
15007114024945781
15099055580792951
16286490994600056
6843224483555455
14630845605652608
5942866442619014
7296085688592519
3554172356249736
9150178791237768
11630206465321096
16996782832715914
16291190876702870
861763781830808
15099627020257434
5646992187730080
10233015428212896
17091299287861418
3738568221599915
10338204671936683
3367062585985197
14411720606001326
15921425142229165
12116654918486193
1110463687231669
10037096413571253
1957701014063289
5051432539269306
14500515738085561
11919170787485885
14320225522919616
16864902940494018
12590371080005834
5075597334268108
8927947075315916
14094048807438545
2325350755879136
3029860654573792
5229881463572707
6161629748783336
12024816319760618
3384681920227564
18081464525646064
4975547522894065
3734908231985394
14442326042036468
17995872447965429
10711642663135479
6294159053277434
8439847584426235
2616708825090300
8294501393942780
5394532950534398
8445169186490623
12834384828434686
1270621240174851
7949556095600901
13779576339900684
1525562526492942
4823682473445647
16113548661893396
10783125476550934
472429909944599
4351681771030816
7735252799121699
4936040132552997
6056199433070894
12901781767670062
1907536247032118
2312878396041528
15369629949905208
6805822537238843
8386241549871420
4869013562108223
7531348323445055
12047686728059205
17664639669381445
16420912593234259
8036829034228052
3950002242062682
386621431482715
2435995871201630
2589398439520608
15340231829916003
5370976620489060
6616110992083307
7489510163736939
18400362837838192
483348184811890
9492220280826226
2408363197917556
10631684221856120
15911441040214399
16261914359015817
7121871589837194
1923519840848274
16271040676293011
15858140971616664
1468435389131163
3697015043361184
17573732558760352
17055340828428706
17862854446459300
3066520441915813
13346782028982699
2087057658268076
3823300628048301
7543300918315436
11639902678092204
4112215828220339
4974879756798388
6187809768630712
7593967918787000
5735395064302013
5340323227027905
13404778928736710
3282079768381895
7537762956503496
2596002053130697
9593228295350733
13978221072845263
4279881745844689
6951647377689047
8975008361441751
10676948831201752
3156480916105693
6986109377038813
1206109020850657
9399780561439201
17289525346757089
15463085642811886
2399109144087028
4616502799477236
5782781792037366
12329116231133687
5117041546701304
9042985953004020
11782672171182592
7942824813963784
2623747523193354
16497484066966032
16930609856563728
4011465562278425
5912602551437850
5009004006689308
1293840135957021
4572260837272094
5194539365141020
12501234929961502
15724987015211553
18039678019824163
5021704593009190
6391604629121578
6946423621487146
8395130278021678
10555805353159214
1808464570083889
17169740207917618
15180933170620980
546390065056310
16329804781816376
313805160671801
6375221759576633
2818908710349372
5549771844520511
6989024585214528
9601358479551040
5550837495056963
18000349001886279
7325513255430728
13141454534380106
11194767335115342
4913061698824785
15975851960658513
13607921255901780
6407545686026840
17593462688885338
6733530985728602
9229574425127515
7357265337543260
6078840060521053
16490479510383195
6082723240413795
7254842316319332
4810411704371813
6404438765513322
4043655672769131
16134969673599595
5711271232432749
11697511751854701
5992708612483695
5144875337206388
1802457946327669
2488857113487989
7685377066969718
16109962363038325
8805719932889721
11781580250983037
11309068983642750
10489149141273215
9313201798630016
956958540040835
16034763037166211
7046263851764358
13269242243754632
5630437433838225
12348030310066837
14909981297298070
9922179047123608
9853736289856157
13436256992381598
1753308552137375
15997411295816354
5769665019062947
15673946211478179
2827861308312231
6545724660796074
13369550044629675
15501898844383916
5981944925907629
1537020432648880
17407500839226046
2156219194149567
15275074131741376
5426426969901761
8324706907900613
4777231968717514
12860457806605007
13896472205298383
1604112006613713
4942284316191441
8610160831974098
3923851352328919
13905573047978718
1004403388656351
10553076728507104
15893474977680094
7925085763300068
10463211162315495
17149757379734248
7641508116359913
10188367796062953
3490271597518843
2017863976585964
9229879049620204
11408533447625459
12163082290514675
4085094571961077
6982012547558134
6290564952099575
2834613235985145
10299198436494073
17389941023066876
15400689548217088
1249140625378049
2559951211121412
1306937454668551
13417670514313993
1378241694567182
10172964173179670
12675399020825369
1347659037780763
2023409032137504
11260534496201504
6984789661944611
3243666353441572
2805197600615205
12696302255065892
2217824728075048
9370237854395176
7018641336748842
14640659623521066
15581918535559977
6584841380211501
1278839460809518
7618392932141871
7473210472082224
13060306697792304
15646184846428975
18183160526302008
3385759904131899
10360028720180028
3324783922465598
11357491647867715
1947362805623621
12454432698993482
1034854861581131
3829536338807628
7670053797333836
10674128762882895
16436076738833232
207114001673048
2115819507100504
15776966317640541
15175552471427936
1929741658729314
1350584707787619
3774411384146786
11738137792432994
3387950719650663
18080329297267559
5192118225382254
1669903458003823
11351608598031216
15995401452514162
13705505878051700
7171691819395958
12467871447657335
5452767111498616
15163124235545462
15444266288810873
14384554308840319
9026192641616774
11749427335580557
14897733809769359
6833986613242769
13223922394147730
14235189751114643
6484820882770838
13763582594083741
5797501542288287
6154036893141919
10542138017967009
2516513634028452
3703190419827622
14054151723297708
12495624449870775
7302732293254078
12875697063193539
4703163501472709
5391085785500616
269557356063693
8405105778486224
16096970915744722
13097685085801427
4497569962052564
10175609200847831
10006577408666588
8932915527732192
2224917765082082
9938060343675884
11265279531469807
7570045958712304
11112691497167859
16128483426757624
15322156521106428
18342011149986812
11896695505898498
3657162687556612
5691257654103044
14932409253137414
2868199030500362
12229596923292683
7778505994521611
1709208928259084
2494415491640334
5313636444859406
17645850559695883
14988662168407057
18269739262831636
12263456675941398
12748006770437142
2765356004920344
16977032351640603
1616248529153055
7368934697151520
13084348542094372
10226539686128677
700059310672934
9149955693775915
1951801563728943
13870593311853616
14494726147591215
11838966763179058
16364980952501299
17545775190912051
13769731171912757
4546673823771707
17225762360200261
11393503129209932
14223431703628879
3132682207292497
16686254115834963
2215280247524439
7747383978789978
2772284167605343
116289689660513
14393858618412129
7569060977110121
9006213841505390
9464299269147758
10191132607835246
6053610728696946
2341001259207800
6364308473326712
12264313613618296
14483058836319352
12561796365487229
14100217873566845
17647245526297730
377510398200963
4746402769931397
7329623042501765
13536838079671429
875134964763787
8889762527702156
5384659971673238
5682351946484887
8790794176916631
17190490928123036
18266569385913500
17230529878969503
1518556890623136
9572195023490208
6168335431371938
249343933607083
7136366336519339
7958635627392172
1598805435575473
6910292243573939
17396538923076791
12557228875951288
11340373586873531
4524912841100479
8077700732685503
10797352855628991
7627974237867202
16354430852631745
3827295790337235
6110625273466067
14161128672693459
11276274763828447
15061175485607137
11385691749461218
15023492799237358
6608254712237299
14288965501971700
14256546789887223
13539970422435067
13419087752162556
8854351558372610
15058112939609351
8557551783120136
5652897946529033
6216094863617291
11495007524097293
16942028858494221
9246488491453716
3810328094993686
12411533790301466
15776979753422106
12879086889250083
14580346619923747
6002518857215269
11006919212453157
16143551577189672
17372418091765036
1956939094953262
11460402106379573
3148897366994230
2109825994698043
357076974931262
3965288345267519
7783436286160192
15584112081071426
15735452340743490
17714420584672578
4364710580399434
8949696555437386
4126783858257228
16557542514347339
3308465573850446
10106138790808912
11634049156730194
436440873577812
467060140985684
3151917161098580
8510668751457623
14036431428193627
13333529910775132
8031406990306653
3262376948747614
4769816767098207
6087468610956638
4294068497886562
10388932949052771
12177637764812131
17261680456199533
7094250651766126
355068611980657
4192581360332145
17942670212623732
6373238951857531
4685739954195839
5740758977031556
12354223280213383
17310891680943496
1153526756527497
5333201194077577
11130712987979145
10004229904010637
12351491181440398
18075570170719630
3365541559217554
2132734055665043
5402893284117908
3113226145811862
10725199714848151
6227358377586073
6421758112157085
15647874649509280
9367986326777249
10176776876993960
11203854245424554
14604280105250221
17052747163798957
16468146389781935
8406285518876081
3461011284749746
11776354701045170
9702109757853108
6947510681365941
17913061621271988
10502039436488119
15815456525028794
3670928756870593
7674151613951427
14638059333512646
14941444104080838
15517792256200136
12758350529580492
5749942729657806
17861097804639694
13109263139778000
14083119243488720
12329944889298387
2055835598859733
7335642155118039
9491791175757271
11251876388548059
6683574890925532
922005921377760
14348322286030305
13517267347885544
924694737817066
1646314243919347
8300249861066236
15955262395100668
8659205105741316
12112433947045384
16759222183423506
1352371759672857
9581072701861402
10043233128492573
12546893509676575
8534658835680801
673908089802275
16438488414129705
2953543609151018
8971377746628141
1632545932299825
9168096297381430
16040035011563062
169624182697529
9580348937080378
14538358774476349
11095020846386751
13504759511182913
16521883234291266
2985173944610375
17546740749700683
2788599090376268
12694234890604109
16885970069868108
924337930096207
14773431056027215
17802290036797003
971475441995351
9883151823588951
15420810151833183
11654258777345632
1526039318580833
15143011231862368
16356995974426207
15844058901335652
18328716214160998
6564680067411559
16413076612140650
3744877234597490
7578470472863351
8595028790210172
2833087346273922
10884177452830342
12595335564660359
15545592852295304
15837435582631560
10728968419511957
7085671967952539
1350281300930207
8662299423280802
7495193030954660
1458939511156390
3761600094219947
16542088277044909
5723360613174961
1184469739507378
14040017523879602
18235017363336883
4277335625461429
12089525180681910
10611041326411448
11456568018103995
8997639549439676
13293519571553981
5824178611957440
11587101814558401
9427651141185219
14477327372365510
2031192927792843
6848926219890382
3688537180270287
2054710580080339
3304166496816853
12867827805548245
14632295927525085
8843712291188450
5450391152627428
16422123826294500
4551215811366631
2498401103564525
15437412063235832
9760358769094398
14223829587169023
16256118849326848
16830142697975552
7143190133141251
13236951596035847
14706198945836811
17921413668572939
12744164804398866
14087529432502034
2213129570848532
5593545597857557
17652991571922709
12855403728219929
3894385258729243
8200159383064348
598274857897757
16560746464751389
5786714652692255
14352598334336799
7822350133554977
8547389958967076
8373835249831717
10383632543665959
13692051327364904
10641286519975721
16128656215420714
17929950785638185
2535876467420972
10651272221331246
4111711852744504
5009302459641657
12372334211518265
13636593595813688
6393962549382978
10527788117626692
13353479118925636
17160854551318342
65617729843018
4225686076387155
2187887423180628
18140484355895125
9071633823952728
15277617638535006
2016164553764703
6241052815601507
16104980885753704
10721966944399209
15086138814877548
9912856904388461
14859121149325166
7197362048159604
275037120221046
5923439901028217
3509864058867581
15358514532552574
12764598114979711
9540802962558848
2073715707596673
17393488327946113
8411982046670723
10333900659052423
15093040644657035
14006743892381584
3112190251462546
13202797451415443
2181081730658196
12960886805032853
10876902507048855
13065443552661401
4514245792812955
1285226976702363
1025475811135389
16175656361496479
7965610324332453
18305770953510826
6581963536019371
32603191963564
3598426031321008
12846285780422577
5335523765858227
2375382411513780
6931880560750517
11661588228706227
2681841310609335
8871264898674617
8348394730450875
1056815373995971
3417344214880197
3076244208144327
16013673228586951
1177183468310475
892684572200909
8018710857953232
14782407027158992
18437526553030608
10832315589324769
14185119508852707
14142383023411174
25771393241063
15104538296676332
15579757951602673
16878035014848497
18165420276592627
3396327423037428
8782668410220533
7473863764054009
5314744005980154
15717364925771775
1073757075132416
16689699820277761
18088720701616137
9146733986738188
1528444436721677
11085692545101839
13679847561031696
16995006649438225
15784804756459539
9889708921999381
13982822217658391
16550523880583200
17925162647982114
16748255186096166
17821841191407654
18248188041932840
1764838771920937
9049022559096876
4187579349364784
7249876427247675
15401540016320582
16168698763522121
9655697412706381
18203041797754958
11934889155989585
17509028487647317
1338426797289558
79103686168667
2368906433310811
8920527252377698
6147782503108707
6363223884542052
1390675320180837
5723838671777895
14074012964589671
7501741814739049
9571691197157482
14540616268484719
3715299619541116
3468478413435006
12787154722836612
12683203564957830
2569804992065676
3238514465894546
4479098013347991
16946158402293914
13653425866551454
9834534937538723
15110385020391588
16614613989814442
12692435227963564
15284174980935858
5779594307760308
3991881398988981
11126046998302903
13630363551314105
12862591675297978
9814114936221883
1279648188870847
54267487195332
3920674891829445
11502872902496453
12156527044473031
5705596755349709
15418588503666898
1958335824154835
13773243233505494
6071655422456028
14452519327469795
4466484413501668
9990746900410600
6447797431382249
4285889479766250
7303145929355499
956777688150257
7889004868186354
13346567458443506
1012693995966716
6840341648085244
4746016443060480
6095385139958016
12868091584237838
106776035873039
7980786240508175
14490204430283024
5243940590752022
2640078475481372
7656413098012959
2824235399295266
13997193539850531
10315327185514788
12893659275514153
11228653608243513
5386975842144570
1752908108796220
6474141260722497
11894595085685058
8398190895329614
13056208449851733
8775685911277911
1853196278886744
3643628911563101
11243636886196573
16145012683313504
6690676565807457
6717894818345313
13166615966134626
6991461334364522
8098712991035756
1981067029344623
6017310024020336
3512898337591665
6364201369596275
8054862788604280
7475092350742905
14952535025512824
5803893689332093
13876922311676287
9360320677802368
3822882072310145
4905932281966984
10068627436441993
740607477961099
10153298614333835
17210741807165841
18076406133477783
17452960951955864
7670831243653529
7606562266386842
13247270361092508
14310949430186396
5168331105685918
5619665844670878
11049389861491107
4313903103881637
12890432292245927
2063008413757867
3951993819025843
6046018190438837
10048430852207029
1204751753802167
2409861074473399
6251498761466295
14189533845443006
6504600138650052
739730488963525
12648331918029254
10274614541930951
5164107154379208
14511762809065928
6103640832397770
16106677190349253
4158643801731532
16203146171388365
15935649561743829
4044594957775324
1762630490657248
9217923379556833
15469475741897189
2855125351690727
3195488200716776
3647315641012711
15198571397427693
13222553373700591
7281161084531185
18082461046411763
6497007459127797
7115565510267391
9885761636774403
16157778384507399
12689647538541064
14081419959611914
3706241000403472
16914710478328337
12672211453891095
3836834437558808
5054421719249433
9978723933278750
17349009307914783
2521002441265700
8196924189913638
13416113873916459
17193653482803757
11844518405771824
1882484501008945
1416727865545266
15328905591714364
3579826204570180
18308785552470596
6611645103428166
6951728823145031
2316787462754888
16980933022372424
1820959062880842
7011604556329546
2472140177142350
16789266610213456
2756071361360475
6817438024151651
568000522973802
11444614650352237
4553428221923955
4963030464041587
9506137629536887
639801425130105
6232967090696835
15539082517607044
11474345362616967
16659458648822408
1724031441810059
11141953944261272
3176686928818846
2215385946845855
14900895493943967
16020774279738023
11425775585981096
111250015466157
18289531354116782
6251521348096688
11443805597651638
10385531944932025
14790755857371834
3763145072980668
2098982571856576
4039196619215554
16276035080721091
8373324529021636
17531399961539269
11996820332597958
6682597705495239
11257089013691079
5560778908603081
11915407383720647
2209227890905803
15765133676393174
239945629602519
8909732310045403
14224082883252964
7604050999448300
17875087087719150
7977555933352688
9939563965674228
1787259017597685
9948611958010612
10427858167984884
5069302333174521
7434756525609724
8525553255043837
6309456752497408
6242013984625409
11962798185599745
15439173003309827
15468911139328775
7974398139912969
877463201362698
3429852718600970
4477098239914763
3655348890841869
10686253375320843
3312750158140177
1370559325721362
7754409884422930
9791013779362590
8340146385933088
2069696959583009
8722933495968554
1789900134822701
12521735935357742
3298104694887216
17086355629413169
4845256832766776
12143636526871358
798868643812160
13446531125203779
10090909231076167
7302752899863368
14627197427323721
15441370070635336
2741660511556431
1541037172577104
14708316855112531
9579411904025430
8328806130479961
16551602574652250
14890632866640731
16569470689751898
16813316575777626
17448862687040346
10400616060121957
3453716837938022
17045414240654185
3640921402798955
17580422902756207
5250346004804468
12692569658880885
1589935211180918
3753675332473720
9914019425399675
10087774606742396
17543332402516863
8033248447320961
6886829094818693
17436978499670917
17539812761408390
10599105931604872
11677828660138890
6886851722761100
3715399430058895
1995644919788432
7093607097488272
16283959486133136
17732984318653328
7559991823487892
14067123363091348
14975432556262295
12386787826242456
3764174567576474
18016261441680283
16132498369860510
98055163335582
13905909285188511
5472728336085921
8725394809885601
10743189516473251
11243537509536676
12997871183123362
2654315936224170
17713215017341867
12913062371234737
14241576724566962
3894574025987000
17003561048740792
9669865355260858
3840123825705920
559336936231878
12545170999800777
17904548314715083
17136886562280398
5939516504077263
10612067126653903
9221187093427159
12937465634124760
11089482911921113
9535680531117018
8123516906542043
102565214680028
17914068700230617
12883475524957152
15423322692604897
9076818340918242
11915833976452069
18241169276228582
12871485215683572
14260616874619892
15849606311326711
8649394277585912
17740116759745530
2909449267180539
1501840430117884
15022728533070845
6378674551886846
10753672006718464
11827916618454017
143345725674503
10514753715983367
2935382216684553
17964986708079628
15377529680892945
11711985165227026
3233217934193683
6724075959686169
11230600847373340
17975305611334684
1171980783285280
12664509856658466
7668647640888355
2114613282968616
4528338812834856
13575017839006766
17115115845964847
14992144204362804
3898855284159541
14407689428833335
8871322970559557
14115679078143058
16659920886264916
2885684181587029
15468931055227989
15314678547264599
14644136333268057
12350142123611227
404290363667548
3955606250837087
1515481216234594
13886289972229218
4384444165534822
14732900334875755
6822874574181484
12341055804650604
15838210169181297
17028240397382771
16205763157693556
14211948887856245
8646895613981820
3275817234748541
7217042959914110
17234916917818495
11473066730198147
3322417381274756
1974598399054984
7707589327869064
10397274317100169
10907435826230408
12082760691029132
10466507985884304
11464282097357970
17265773143946390
8405523286193306
10911684757648540
3472461633787037
10451093876421789
11241819462538399
16988889359283357
16138962395419809
3151103808181412
12878661946004645
71889932481702
16330008443106471
17515528405456045
9428693586097327
10404854155441329
11462445238645938
8714570880644275
1580668012123321
17895173003334842
195539820147899
12690215611380936
10756274258851017
14572451287872713
17623967270540489
18303621451404489
8364770154452180
2581034133583066
2746740739822815
7059564896941279
12659770203428063
14477771957851359
18029464932177119
17237611112740074
1397245118305521
2194026537071857
3745691804464370
18041221924558066
13167342599296246
3562717374600439
13191948471375097
15177724763321600
12952986406982914
7728415271490819
7350518350345482
3579385405969678
341008182162706
3468017773810975
15096283654919457
14161194132518181
12887628640793893
12991900904404261
6267931029091624
4198112666613033
1710580230436138
6981729297519914
10164234391794985
10979509286516009
13897191127143721
17554452392932649
6031427847992626
13494267890677043
116589162149174
7561407903356217
9658152728859963
5005989433111868
10453446723310910
2440967105688895
4256472345023807
12134318356616512
13061243003532606
15969153930704192
8238052630910279
4224430592808265
17828969502651722
3653050799060306
7450634403829075
2923707812386141
12467844423611741
16722197559711070
2909476481185125
16830854343554414
14469684726920560
18038522365826416
11194429434967411
12526007543608693
3932987724551543
8740314210710904
15908537214801275
16806064995521916
12636667492308349
17383573633774974
15602183200847233
14913145208968583
3625832106907018
1248171481961867
2088069525771659
13207787785885067
4998564553872782
641497577649551
9413062817650063
11310270618400145
1437404333118871
12641468939605399
1323683905492377
3963252660082076
9694124002727324
17289517270431135
3633897363477924
14324393642186150
8495035540960680
1767001339426217
6016527992034729
11854704697308586
2862025196574124
806065740141997
13468119411578282
10079298006939056
16994870611785137
4103871071876530
14761830315374006
11243144860628409
8632367232677308
257814287504831
3542568308544960
6420081045149121
5639932700145093
8557913976427973
11624852875556293
24997698352584
14577822567208390
6564781728314826
6572195292820938
16874753100977613
11232971359139278
12576345129645518
15270011723822544
15750351541073361
9148948744115669
7579519046260182
16866760406521302
8698332590274010
6281497035855328
1535063496938977
6835847231583714
1009557435291109
4960729051461095
9527862185309671
113769038976489
4870222823667181
13637586413041140
11394928998299126
112288126498296
12481328110925309
5851095604147710
15334816660190717
17250193086330368
11873498469955075
909557781804548
5138977312765444
15127420695852548
12820042979177991
17928729844127238
7260653943633419
312258088334861
11060192236951053
14198549150807566
10548935883568657
185135589226004
15624947492115991
16171086768469530
849299192264220
5483272129254941
7923291333080608
12514043057042983
6091551223592494
6904263360566832
1072351958742583
10017778159892024
14187002285094460
15280654046369341
16283213968004668
6371200743200319
9676214133003839
17447477932594751
112565798999620
5546537427220037
1532231731304012
13716477557061197
11054065299764817
9742980365801046
3046942532736602
17876078387385952
12455653677209188
2811749323396711
448223986562665
13379755128739434
788699946358381
3237005651498609
14237642795038321
15799255867537011
3863911068636789
6030562625959565
4923473416263317
4626708574213782
7095756527081111
8790139427952277
15477279849723543
16008683771123349
17368041280558742
5754686370494109
6541199343695517
17892538940929697
273169705301671
3360793887233705
7229128039700138
1950351940048555
5854400033650347
8744065506162346
15895543117272749
17303468517963436
15082922040915632
11538539551872689
3658380591429298
13950005119792819
7878723653932724
7505548277348022
3141363853260471
15823994733663928
4445653405824699
14667634296070639
4413295314859713
14004612081530563
4599602302269129
11474529826272970
16733505558402762
17685727825000140
12031922228983506
17687964519896788
3703694776023
5242697689642713
1443986292471515
14995613337573083
6664010515355359
4867127090386660
8724133974849252
347197665990378
2927923311056621
6751401486718704
17115646383560433
9989344522417908
6106680662111990
367745128085240
10648698869151480
2120418862012154
3159271588902650
17074699770820346
14936733742012159
5565350668760832
16602967600060160
17730974731294465
10734929429255942
4442569168074503
1053649852479242
10337990842627851
5143254703216396
17267308049692426
11705251053115153
8655614835185430
14485296256423702
6131691779643163
9574724534572830
11847702162028320
12760923961661217
9632036328855330
6934013651703590
6598240466007851
14851645271750443
4274270668896048
13149148868663089
4637319826560818
2545335484921653
978850611402558
9644446021605184
406558773073729
16808687257016134
9644334251292492
6442802221397837
2502397184612176
8207544012289872
1708154517788500
8046903434229589
6506436218615639
17408494357256023
889716034582361
13953560402909019
11638954430265181
2124095034767201
15075164729005921
11968902147946339
17758960338278244
11394190856558439
5617553253758826
17445932617660271
18221631732201334
2391614908888951
2273838361048952
15099027623393145
4481182332098426
5598442556102519
8181072562001786
14398977580840823
9580245945857920
12624190643451776
9831765484345218
5690144975050629
9599319425095568
1659848504113041
9927216137336721
10785782970300304
7105582433646484
8143701867665301
5524957087643543
12077124600379287
15207049894803353
10654309700810650
576254598625185
17911905161697195
3532119970224050
13284630142212021
10658491843786678
8104617108215736
9059105344673722
10402602404886461
7099137001969602
2263586660612036
18328447407675332
15361390377408454
2025746269927368
5978794435033034
10611655011882955
1156577842927566
18059117972584399
7431652391409616
7539256865675222
9201102619219927
14030465601828825
4756206974506970
2392936587491291
8127598629312474
17779577922295774
15538928835573730
1830268693993444
10965461419513831
6482774423107560
8884338078849004
8827803687770094
5983240135415793
13724176710801396
4198370554085374
13243538050750460
1113547510077440
14540458203502594
9914466329024515
10388569732675590
5707762488350730
2367014159726613
2641068255975445
6958783073384469
18043966084528151
2039697840715802
14989220151949340
7685344253958174
16054008918292510
16374341534824481
5101683099736098
1158716490930212
12159770817099816
4561601483175980
2167242595203119
2651809316853810
4941779457685554
8911890218514485
8805057349851190
9815919772022839
7445570533627963
2774956265109566
7506658358073407
14315637821880383
9676157238696001
6041958250575939
8039903998695492
16021393677039683
18260306722543684
1422646266615883
4516368021698637
10208119309244496
1625388712794197
13756719941695577
7986810274920541
12988137602005093
14548363676260454
12599683860478059
4490937060186221
6944077336655986
9345765696796800
10263391906691201
3687598771689608
3889415131871372
11641215833593997
7935729833474190
3634597400467599
9096998713694357
8519892691163288
14942375037638808
7200669157685402
12546564790048925
7378306770819230
14254492785178781
14372124812122270
2509715549919396
2856215005730980
13629108710545573
17978445695973545
3717724958857386
6463112871925935
8301344556431535
6166747151939761
27141746342066
10019305685244080
11171313706563762
2513275657722041
1024116778875076
5864016116283589
17130005905332422
15842619977111754
16214492197820619
3332031864527052
14428561154234577
10484144437622994
8417900494846165
14951301702637788
5995058603178206
10839566254864607
2302143995115746
18238821810174182
15326584458492135
11597387505948905
14713383779891435
9012936261589228
14555551868631277
6291118634244334
13396970329479413
7454634398513404
12349167914907900
12271205428214014
4221618855090431
14142977231501565
7647411007617283
17353981438007556
17101057206016265
16488210307897616
18240464076790035
16382822001588500
263511612897560
12643332691999008
16299937410717988
4300140535437606
956794137753897
5883171429841194
11197523222141230
418142356576564
7958237890115892
12082131117545785
1999653908166971
3671439528499520
1022825183910212
16536096740358470
12519054336276809
3552450997041483
15334891387115854
13852447507126607
4338663515134290
15720548258986323
14020944220698965
8476083316963670
4990114287917405
11297452767844708
13535265748580708
14667823440361832
3702246733486441
9535549800831340
10598201461184878
16885233348794737
5476843305777528
6318698370021757
4483687460215168
13364330434099587
2495673317636489
5940203619654028
6311380195694991
18334774265239955
17950656680409493
90466295445917
4886868911864222
5426707122600356
9197956372912551
220404521261480
15434896839850410
9456136819349932
585844926888365
6408366099364270
6838508322437553
5060624929823155
4603016361605558
5924556079905210
17148495207176641
11186918292871620
17094616193194440
5445580157196750
13979602331802074
17009172491090395
9195540769266141
9968234262567389
7793252700781024
7679109584230881
11183342894316005
4664960338958822
11006857063586281
3790555233065450
14549975197325801
1740395278342643
2458019191831029
17006255594691062
4651069572233717
2752423935891959
7439773260511734
5903292757744122
4026157818993147
6717357464484346
15276847380584956
8617779800635902
17079821318314493
5570474557749761
7832780204751361
8695347109493251
14698503870675459
5506034138503685
16680605804026371
3301669530810893
5333169923062285
3933430968146447
16377993922976279
1855176227306009
1337823682935323
3167718230972956
8811772508150303
16561637922544161
1969003266570787
17489545341327908
11081099365112358
17668183846009384
10704174677727785
17151236256823849
9135562646338092
6573178773535278
1271152529340978
2994454008158770
442379340315192
13657043548437049
10759914709195323
1399138228058685
1930759754111553
76535402502726
838862162164301
16706326551878221
4368264860752467
1887627906882134
16975723091851862
13173269957081689
13713561866230362
6481777437923932
16146170774739550
4563477645695586
2917966323538534
12985357316242023
17772683172887144
1327617093048938
7266068570217069
17574346683062895
17500546963544688
13431205898902131
3170370480028284
14434061820672637
13425790934882946
17033737795230338
3713280205748872
12583590786505352
2646300381403787
5943804311894669
12708116167457424
3556170538121875
17926721794849432
5205132416916121
17635983027231387
15245102066367132
4279237597338269
15951298530892447
12918960722508448
11148191004646049
4483026856942244
92718753643175
3932786086263464
13074448560913063
11603473031756459
18179601496521388
16010035551722157
6098876790831795
7109476990114490
12525207363476154
11696861619583677
4552055457790656
11601816296536774
268748182387402
1850941908679371
4916393700293324
3580903455144653
9688076311575242
12128351105153741
16608533963160273
10174868377213651
9596163539835607
4849657711811290
6853818491443933
8150994036996829
14490830239652574
6127939693386464
8887486014659299
5250521463216870
14978279274068711
10843614335163115
12800902726556395
12855864165923565
6943981820680942
6897455443221232
7161289865100019
5396793497098998
3202400544324347
11783076051974907
2571781153471230
14518780737477374
5342657247197953
4479140437973766
2410197458295558
3224023476960008
9731078347496203
16587928460401420
8625386877098765
16467667555310350
7668082082085649
4504734637316882
18345246865177364
4054825354459926
9259837985823513
7130606621063980
4990934060489517
10055953081727788
1021838098774831
2973186577349424
13660956732324655
1703437916199732
16968642816342837
17843912599501621
7228366762040125
15645992981945150
10595257540631360
11726011140586305
7912365981145922
12777971895057217
13374477814971203
3541206393355077
2332595734174534
11598409618824006
6969224908585800
767973926198089
6443784898034505
5196902031227723
4097782020987724
13396261952961361
12156608196107091
2029010057673557
3874849752767318
12129154261318486
4339841998240612
5382521049324389
4485906862390123
6838513652210540
6398465238080365
3960985728187248
9687145238846324
11817179972049783
15842742200916856
15917908666604409
16193080314633082
3320900876696445
3032025711852414
9480602870987649
13334357430999938
3676005960022917
18134260788280198
18410300487170950
12006673209244553
17750308609964941
14698617839721358
10763192661072786
16290237437189015
4270892819553179
9515915840158623
1934678717528993
11942038086466468
16756089982180261
16528293087026087
3533346461072296
4764367314893737
7761554913336234
5329499696528308
12671159000783799
7501546713299896
9078859797314490
7101997526506427
9996991435684798
11042892266978238
1093706599324609
2135096604875718
4505243674655687
10797103419292617
10940198620298187
14984336402267086
100178539101135
11881207213751248
3005312060169169
12574098085239759
5973120922098652
3496543980542943
4334239117655007
2350095992175591
6909413559933930
8776679386799087
9831562844347375
14571080390876145
2281558473473012
14928722311797749
13032098942925817
2830259086277627
9054867349584892
13497175136123900
3131734316784638
11307107708812287
13508552055143423
690623632202753
12639821555522561
7504305573895172
4035769082387461
9132908525632520
5064516641479689
8014596945296394
16782388008901641
3875855472385039
3326614806453267
4389089036844052
16760899328728084
8794310088809494
3067617749310490
11907807242239004
1355565657226279
2915178544995369
11180503805754410
15492932142799913
18099970200452142
4670046822136882
5903758834940981
7317037294844983
3694629211962424
1632042571373627
16345564305333312
3095274585087045
2618291197369414
11076856238693450
5942065384086603
4650047259597900
6742509007600715
8333886829919311
636729285540945
2419069951679570
15797094851238993
8888318446984276
3959220638104661
4728085340953686
9276292813855829
17841448247696476
1428791016283229
7170971931843680
4773995158363233
16766745195822177
11981157602778211
1154625347894374
15862949509520487
7381503273319528
5288382662827114
8674328407850091
11233814242229357
5527276576259182
7584569400147060
15203886434557047
2346698706320505
4438518309526653
2526240495254663
14765522804407432
14932300266757255
17037608542616711
4018724785429646
18442811754896527
4039708618955924
5420519881276565
12757065985031316
14059143140899989
4772316598254744
17948385939397782
18234294219783322
390926245878939
16208330857159836
10296409009077405
2269985197005983
10582716776242336
3578996623416481
1058355358276771
8245287469210789
2564931009789095
2624878766120106
16555805807131818
10860769048493228
12935536841309357
17782670860549293
5951537149328562
15633160984583347
14133708791708853
15788810260880567
11224693496257721
16402050158107834
17670682456792254
14012601364446409
11363701002706125
8119862240173267
12700133400566995
248202950098135
1104080838638807
5909444756462808
9393328497761495
8898041383738587
8674480320068828
9933798880836839
15564209486445799
7917771061107945
16347340708691179
14917311519382764
3260711832345837
4593429204483313
12206067101342971
17954700996001019
15512845897825534
6543550232460548
14694193200872710
12332625166753031
2259632172825864
11526799352675592
14876211780164870
17129505393761544
15637816264015117
18197521935621399
6193677916929305
13204306054921497
13659620014234913
12203711448464674
7545041443454243
17000462967340321
13599611769077029
6719064569552170
17872851698605358
14966216740855090
9271098054499637
9463117522525494
1526388199669049
16660948448140601
18027425709292860
11104927640878399
18307126576135488
16372447723044168
9996949581061450
11067149831822668
13529193180839244
14747351198571854
6939178355866962
16048065654685011
9947657715121492
6750112766491992
11504530929024345
16931810299526500
12040392395152741
5573572253900134
8487042812984679
16349429695429992
2220943948307820
3743961606118764
15176520465972589
3020314390764917
13326298470235509
320800131693944
5088556791717240
13440704155696506
15480758134103417
10439749943491965
17228711763131774
15458017178049923
10465159541005707
469119490768269
15566574748466575
9065139632741776
8625407358164370
11778498356993429
10324643374767511
993024786300312
8379742054915481
9924162319531416
18300550696885659
1578041137257892
17817537803001252
15707153452645799
4005664091823528
5054654202682792
12603344205307305
13300206726380970
5581874784452012
18181415985192359
17836939894062516
17350654613618107
17576123860442557
4770329940483519
5051031092256192
8992257804410303
15751388323478975
17390732752305599
10341229221002693
4326387855506888
16774604601007562
10971438919212494
6108826269531599
15769434096344529
9515922477448661
6269258288094679
12620046711250406
9929995652062695
17410270588747242
10267349781609964
3164525091077613
3441475510943216
18293617742839284
10213234770165238
5615689609387511
17744348218547703
13810124580888069
13397755972017670
16507796002889223
751099803827720
10638359534493196
16885482593730063
13896194281610776
12381992044215834
18166350117215775
2206896186809891
2953876267695651
13632704840810022
9711473453579815
3069588084448814
17056248295661109
12259810079628854
16294578775473724
4664309204082239
2633509876997698
806540983549507
219127232708164
2750369727553093
6063316204944962
6652035869015623
8568508094717510
10501826202140231
15948457592094277
10642391184162381
1124632343461454
13837821181976144
5483969637555796
2365414048390744
10015570722774618
16156785391566433
13621767336853095
2122484177682025
13814639254060649
8194824533876331
18324051724672618
1735392745832045
10601453312630383
4217537591205501
3254156206685824
11438404472962688
8188669259415170
1031418968211075
10997424291659396
5958964490354309
2211096632368775
17841329562164879
2474149675777685
8237707056594585
3037301542633117
8206673693474466
13311113796370083
11514335418826406
14746193413611174
12931765422546600
12162214637207210
5658908378594987
3203298087861934
6503573632024239
3421829275385521
5561586553339569
7206166905503411
8851811738050228
13100567728291509
491199959981751
12740033019117241
14363888988511930
9851233076543166
14331476225605311
10515241575308996
12803005916241608
9610948155129548
10148980877434574
17663581172440782
1549530261020368
9014023793106641
9893094697041627
5141654754672352
1981154059288291
15070462663368419
16777267721731820
3389100120874734
7053276770107121
17095607892582130
12148941179862772
7747804385140471
18160626053512952
3075220407582460
9261483785166589
2203909323521797
4206599056973574
2431147396931338
3683461550546707
3156079150759700
12321985305321235
17661121803992856
4753827992887070
785842719842079
6608093928636191
4719429313871649
9365603295190816
16749588454580004
5010252471820074
5889469567901482
9662670087118636
14249854389894957
6242121013485364
4121067860008758
17956640173891382
2133746750881594
7399478461767483
8976303730622268
9632317075078974
13302339429850946
2777956427972420
14598600318271303
16105500425928520
17239552633143112
1292922906566475
1639927227006797
5506106076471117
616882705096529
4166152299904854
4889826673729378
18431944418844517
13444615935156070
8955759719473001
16571655514726260
2019325732740981
5855779389325177
6858062779555707
4089673460309888
4189143409770368
6475663627837313
5399031890362244
12780116272373636
18255264669908871
12473052999073673
7282706113200010
4011387404033931
558735877332876
7074722524225421
11518134043500430
17240304539918218
14222351159082896
18341013994184587
11011953448722325
11717055242313621
5256658960261015
7865022085201816
17452684810133402
5185292997025691
2028072384929697
7778635003461543
14615832724111275
1756687539404719
768617718185904
2203602782592944
3769592583143344
9324138910621615
12200377031376818
6122783274049461
9343988078682038
9313965599997881
10052110639202234
2779551068544955
10298038719561657
3917053492559807
15154752051527615
2983947831910337
13512352354680771
5578012417638346
12697138451169230
2508983603584979
2153136934395861
5282269621559255
8301207175020504
4799691354193883
12568238822375401
14092121552084970
9682156770942956
15689580497952749
8549586904743920
15326025495412723
9780580901560308
5410299663605749
8950452669456373
10389679794003959
10284604602572790
18197100188729332
2764657354948603
1812744655888381
611156861902846
